00088.55701,      00058.122,      0084.12043,    00004.47199,   00018.542
038.44006129,     77.49757797,000037.82096,  0026.4774,     048.424864
   00002.795085,    0019.583,      07.53220776,    000092.951,     12.15853146
  000023.187,  000057.6407,     0016.133,00078.7593,  0000058.684
00007.847506,   00093.963,59.61055, 10.01986, 000097.1912
    018.60422,0058.6502745,88.69474518,  0000090.0889,      002.092518
     0024.9714894, 000045.82641,     91.312994,00068.662313,    66.90211695
    43.08032122, 0099.8778911,      24.71117153,  0046.6545383,   00091.66433
     18.7640562,      046.21356346,      098.99997, 05.5254703,      0030.3620734
      000020.0805,000081.4235,   59.39609523,      031.4549,    099.768091
41.444613, 00063.92862,     045.923455, 98.08315358,      000016.3287
     0077.4073,      018.7788,     4.7872612,42.12006088, 078.3056953
   00030.4875,  0016.82112,     0000048.322,      000056.7888,00058.262941
   000053.921,    068.33936,  24.94291111,  35.7852569,    0091.091
 000033.30864, 87.3180851,      61.9053166,  098.1649404,063.315752
35.0761498,     099.23052353,     052.3281341,    0046.205824,23.88268547
   000070.4239, 023.1575954,      00035.32623,   11.449788,     02.49408
42.10258,049.49507579,   0000025.9404,    002.649792,    0000096.647
      35.533729,  00047.7243,   008.936075,     93.09587806,      00012.74946
    000090.612,      0081.3511377, 000002.96532,  00000085.461,  73.8399636
   065.6231221, 0021.43552,   3.225127278,      25.3421935,      024.3589
 69.25817,  70.57200143,     20.3874897,     84.01189786, 78.3934254
   62.503593, 00002.574803,      000079.33237,  00039.87515,     053.81372
   0047.7661272, 001.2834536,  23.9979743,    0086.24526,  49.34457972
      00068.872,      00008.063,     18.588974, 0052.9712,     038.7906
   0000070.124,   0086.6725515,  000033.9696, 0000015.9172, 095.55489133
   00008.961379,  0000024.944,00071.048, 8.820483082,  016.02682401
    52.84477626,     64.50328545,    084.76644,      051.4184,     66.6246729
 000048.5716,     00015.0215,  012.03971,0089.696518, 000000.24937
     0004.05271,      059.0205,  00035.41279,   00025.406666,82.519218
     00032.847522,   0054.9838,    043.597437,  000063.221,     4.8551704
   19.2031124,    000038.77, 00076.1616,      00038.507788,022.133193
 0000001.1567,    029.11417,   71.55324751,  0060.516501,  00030.8514
 000099.95882,  000031.9516,  0041.8883,  35.50002,    000041.7806
00039.9205, 83.75272183,  00046.0381, 003.05413,  0044.84385
  88.253664,   0.027546321,     080.872952, 031.981807,      43.916483
 0000015.2106,      052.88485,0036.376768,   09.206536609,   091.5989043
      87.29084291, 005.6967048,   0084.791,     00064.337555,      00091.2026
    0012.91379, 026.6547769,    5.20989439,   000019.201,  0009.854487
72.57993673,     62.952661,    00049.9948,  0087.751777,      00000051.064
   0000004.0318,089.924856,     034.90926,0037.244,    000014.705
  30.6778013, 0000025.7537,      24.29525466,      0000092.5455, 000010.437
    32.183009,     0023.0234468,30.0943263,  90.931073, 15.45952755
   00000037.714,      028.3812,      60.314236, 00000078.047,  088.32655256
   093.8989635,00000033.294,041.7319673,   51.35720963,000000046.81
   080.4749,      98.61694483,   19.043417,   75.3375897,      0018.415336
     0000081.277, 00000019.747,      0083.0272, 0064.4230704, 17.36937
  98.53465393, 25.98864068, 0011.2043,  00095.7603,     069.45725
   62.002433,      0000061.9129,    0054.978, 00078.97688,      0060.831131
  000077.39074,000055.57402, 000024.756,    17.67101749, 00028.604683
   5.794623667,00000091.852,   40.7637802,   12.53677208,      00000080.003
     004.76926,0000057.6951,000000017.52,   00014.151326,      006.86880105
 98.40415458,      0074.2514,     0028.55948,      00000020.371,    044.8032
      098.4288301,     00062.3777,000042.41687,70.81742,     0090.393
82.34570801, 000014.5818,      0033.095527,  46.9613745, 29.54633248
 044.59529, 58.5617211,    002.951243,     0000089.5544,   056.80765
00013.5477,   0057.83775,    14.6305351,    91.267564,     06.30589
     89.602338,      000036.36075,   64.7726985,   00092.28257,     73.456582
0000097.379,    005.643649,  06.72074358,    0072.10317,    00076.272
   59.965576,00071.69033,   68.13781423,      0000050.2102,   047.0654298
    63.434498,0000024.513,     037.1853077,0000042.499, 39.2034743
      044.90191,      85.7678475,  57.33953, 0032.86741,    43.09273
    00091.768,  00056.566441,  051.0051817,   6.091359, 73.5031521
   0050.638905,      00000.492199,     04.1742851,      89.6003521,     00052.19636
   0000085.895, 00050.53664, 00000055.508,   0086.05847,   0088.7557
     045.1758,     0000094.3208,   095.3433442, 00024.4026,     11.302858
    05.62135503,  08.49305,   020.9901542,    00020.946,     00076.85135
 038.03984854,      083.49496,   000074.6314,  0066.2290993,  00051.4389
      000013.00788,     14.7089174,      00058.2397,      1.948921831,      17.2953207
  000039.03469,0046.9936,  10.271128,  01.93769,  00075.384
00000018.473, 0050.267127,   0000092.56,    000036.16565,    27.6931651
  36.29509655,  18.0390984,     078.6351555,    00019.67822,  0038.11963
  043.88155,     00051.94561,   95.82354,   00000074.613,0000028.42
   56.37999817,   81.45787226,  00062.082,   056.0586836,  93.25880345
   25.6695868,   0040.19076,      00096.4503,      00026.24202,00082.492
   0066.6143338,   25.25987233,  052.5577295,      080.85659594,      006.9221
  98.695415,    0000069.93, 00046.97399,    0084.341495,     46.36893016
      75.41738368,    90.45713957,   098.34189305,91.5300981,70.6645628
00027.4452, 0074.39331, 030.99627623,   10.2848779,089.494577
    034.22766,    051.716181,0000078.358,      82.5884073,  00000013.671
     0023.933496, 000092.2143, 0036.3695,     074.737732,   0098.036772
      0000052.5258,    60.717466,  70.53969268,15.1455006,000054.77021
  084.88593163,096.737259,      096.43975,    071.5210788, 00019.8672
  042.04059722, 70.79471579, 000004.7483,     0085.97483,      0000065.0677
 00000011.769, 43.6935427,      00000063.477,    58.5320498,1.834442441
 55.196547,      0000062.155, 000062.051,     30.2108378,      042.532513
     81.295388,   76.72730394,  001.530655, 027.86772856,    035.734539
     53.5615129,     000024.4946,88.13265877,      020.510315,65.25645478
   44.812936, 68.2451093,   024.42725337,      002.445159,    0069.483662
88.55508, 0020.488189,89.4556848,      078.7429,82.8459405
    036.948673,   073.80559,   20.1009403,   00072.382864, 061.84925
      41.6045722,    00090.266,   17.7112498, 007.9546969, 0000016.4371
    0048.549821,     0095.03113,    0013.166,   000063.84914,  003.7884
 038.49529002, 00016.78319,     00068.83461,    0000040.1045,      0053.435629
000050.68917,     00092.609294,0010.0758,0086.2121,032.16407047
     000020.874,      0086.582673,00052.7659,  00023.1435,   00096.97026
 00027.12576, 00029.99912,   0000081.5405,84.06055068, 0000017.695
    0026.8914154, 00029.5057,  000042.033,   21.130375,    0093.55442
0088.5449351,   070.97551474,     0094.70236,     34.1641272, 00000061.789
     0075.817091,   00044.6013,     032.60641894,     0093.04787,    15.01925005
